# 2020 5740 0
# 2021 1300 1
# 2022 341 2
# 2023 58 3
# 2024 73 4
0 0 60
1 0 8
2 0 5
0 1 14
0 2 17
3 2 2
4 2 2
0 3 10
0 4 15
1 4 7
2 4 3
0 5 11
0 6 16
0 7 23
1 7 5
0 8 19
1 9 5
0 10 18
0 11 42
1 11 5
3 12 2
0 13 35
1 13 10
2 13 5
0 14 31
1 14 7
0 15 12
1 15 5
0 16 18
1 16 9
0 17 44
1 17 13
0 18 247
1 18 52
2 18 17
4 18 5
0 19 9
0 20 22
1 20 5
0 21 42
1 21 9
0 22 7
0 23 7
4 24 2
0 25 38
1 25 9
2 25 5
0 26 29
0 27 8
0 28 7
0 29 17
0 30 10
0 31 8
0 32 8
0 33 14
1 33 8
0 34 15
3 35 2
0 36 8
0 37 14
0 38 33
1 38 8
2 38 4
0 39 30
0 40 7
0 41 15
0 42 34
1 42 5
0 43 7
0 44 66
1 44 13
2 44 4
0 45 11
1 45 5
2 45 3
0 46 21
0 47 14
1 47 6
0 48 79
1 48 14
2 48 4
0 49 17
0 50 12
0 51 12
4 52 2
0 53 136
1 53 48
2 53 15
3 53 3
4 53 4
0 54 27
1 54 11
0 55 25
1 55 6
2 55 3
3 55 2
4 55 2
2 56 3
0 57 7
1 57 6
3 58 2
4 58 2
0 59 49
1 59 14
2 59 7
0 60 21
1 60 6
2 60 4
0 61 10
1 62 4
0 63 11
0 64 10
1 64 8
0 65 7
4 66 2
0 67 20
0 68 8
0 69 13
0 70 7
0 71 10
0 72 21
1 72 5
1 73 4
2 74 3
0 75 7
0 76 35
1 76 7
0 77 8
0 78 10
1 78 8
0 79 18
1 79 5
2 79 3
0 80 11
0 81 24
1 81 6
0 82 11
0 83 26
0 84 16
1 84 8
2 84 4
0 85 11
0 86 7
0 87 10
0 88 8
0 89 35
1 89 17
2 89 3
3 89 2
4 89 2
0 90 8
0 91 25
1 91 13
2 91 4
0 92 16
1 92 6
0 93 22
0 94 87
1 94 29
2 94 9
4 94 3
0 95 14
2 95 3
4 95 2
0 96 61
1 96 26
2 96 4
3 96 2
0 97 17
0 98 11
0 99 21
0 100 7
0 101 88
1 101 18
2 101 5
0 102 10
2 102 3
0 103 9
1 104 5
0 105 8
4 106 2
0 107 9
1 107 6
0 108 8
0 109 9
0 110 7
0 111 20
0 112 7
0 113 45
1 113 8
0 114 31
0 115 41
1 115 11
0 116 20
1 116 11
2 116 4
1 117 6
0 118 8
0 119 41
1 119 15
0 120 8
0 121 13
1 121 5
0 122 7
0 123 7
0 124 14
0 125 11
0 126 7
1 127 6
0 128 28
0 129 10
0 130 7
0 131 11
0 132 36
1 132 15
2 132 7
3 132 3
2 133 4
3 133 2
0 134 11
2 135 3
0 136 13
0 137 10
1 137 5
0 138 7
0 139 13
2 139 3
0 140 30
1 140 9
0 141 11
0 142 20
0 143 6
4 144 2
1 145 6
1 146 5
0 147 11
2 147 4
3 147 2
4 147 2
0 148 8
2 148 3
0 149 7
0 150 7
2 151 3
4 151 3
0 152 18
1 152 6
0 153 89
1 153 28
2 153 7
3 153 3
4 153 3
1 154 13
2 154 5
3 154 2
0 155 27
1 155 5
1 156 5
0 157 32
0 158 7
0 159 56
1 159 16
2 159 5
0 160 16
1 160 8
0 161 51
1 161 5
0 162 47
1 162 5
0 163 8
4 163 2
0 164 14
1 164 10
2 164 5
0 165 36
1 165 6
0 166 98
1 166 31
2 166 8
0 167 15
2 167 3
2 168 3
4 168 2
0 169 7
0 170 8
0 171 9
0 172 7
0 173 10
0 174 44
1 174 10
3 175 2
0 176 11
0 177 9
1 177 5
4 177 3
0 178 22
0 179 13
0 180 27
0 181 24
4 182 4
0 183 8
0 184 10
1 184 8
2 184 4
3 184 2
0 185 8
4 185 2
0 186 120
1 186 42
2 186 17
1 187 6
0 188 99
1 188 28
2 188 10
3 188 3
0 189 18
1 189 5
0 190 7
0 191 7
1 191 8
0 192 9
0 193 14
0 194 12
0 195 8
0 196 8
0 197 7
0 198 9
0 199 24
1 199 7
0 200 11
1 200 5
1 201 4
0 202 283
1 202 51
2 202 19
3 202 4
4 202 5
1 203 5
0 204 7
0 205 7
0 206 9
1 206 5
4 207 2
0 208 52
1 208 19
2 208 10
3 208 3
0 209 71
1 209 33
2 209 5
3 209 2
0 210 32
0 211 30
1 211 14
2 211 6
0 212 8
0 213 8
0 214 17
2 214 4
1 215 7
0 216 10
1 216 6
0 217 9
0 218 18
1 218 14
0 219 9
0 220 21
1 220 7
0 221 8
2 222 3
2 223 3
0 224 8
1 224 7
0 225 12
0 226 8
2 226 3
0 227 7
0 228 70
1 228 24
2 228 14
3 228 3
4 228 3
1 229 5
0 230 40
1 230 10
2 230 4
0 231 9
0 232 11
0 233 7
0 234 36
0 235 60
1 235 35
2 235 11
3 235 3
4 235 2
1 236 6
0 237 17
0 238 7
0 239 35
1 239 8
0 240 8
0 241 24
1 241 13
2 241 3
0 242 7
1 243 5
0 244 26
1 244 5
0 245 7
0 246 21
0 247 15
0 248 12
1 249 7
1 250 6
0 251 21
0 252 74
1 252 38
2 252 13
3 252 3
4 252 4
0 253 47
1 253 15
2 253 4
0 254 18
1 254 5
0 255 11
0 256 16
0 257 13
1 257 5
0 258 16
0 259 8
0 260 19
1 261 5
0 262 10
0 263 26
1 263 13
3 263 2
0 264 7
0 265 16
0 266 10
0 267 10
0 268 36
1 268 11
0 269 10
0 270 70
1 270 12
2 270 5
0 271 18
0 272 201
1 272 40
2 272 13
4 272 4
0 273 21
3 273 2
0 274 19
1 275 5
1 276 5
0 277 43
1 277 5
0 278 17
1 278 7
0 279 18
