# 2020 764 0
# 2021 203 1
# 2022 79 2
# 2023 34 3
# 2024 10 4
# 2025 3 5
0 0 8
0 1 4
0 2 4
0 3 4
2 3 2
0 4 8
0 5 3
0 6 3
4 6 1
5 6 1
4 7 1
5 7 1
1 8 2
1 9 2
0 10 3
3 11 1
2 12 2
3 12 1
2 13 2
0 14 3
0 15 7
1 15 3
2 16 1
0 17 5
0 18 2
1 19 3
2 19 2
0 20 3
1 21 2
3 22 1
0 23 3
1 24 3
1 25 3
4 26 1
0 27 5
1 27 1
3 28 1
3 29 1
2 30 1
0 31 3
0 32 4
0 33 3
0 34 2
3 35 1
0 36 47
1 36 22
2 36 10
3 36 5
0 37 4
2 37 3
0 38 2
0 39 19
1 40 1
0 41 4
0 42 5
1 43 1
2 44 1
0 45 2
0 46 2
1 47 2
0 48 7
0 49 3
0 50 4
0 51 4
1 52 2
0 53 5
1 54 1
3 55 1
3 56 1
0 57 10
0 58 3
1 59 2
0 60 3
0 61 3
0 62 3
0 63 3
0 64 23
1 64 2
0 65 5
1 65 2
0 66 6
0 67 3
2 68 1
0 69 2
1 69 2
2 70 1
0 71 3
4 72 1
5 72 1
1 73 2
0 74 9
0 75 6
0 76 2
1 77 2
3 77 2
1 78 2
0 79 7
1 80 3
1 81 3
0 82 6
0 83 3
1 84 1
0 85 4
1 86 2
0 87 3
1 88 4
2 88 2
4 88 1
2 89 1
0 90 5
0 91 3
2 92 2
3 92 1
1 93 2
1 94 1
0 95 7
0 96 2
0 97 5
1 98 2
1 99 2
3 99 1
1 100 1
0 101 3
0 102 3
3 102 1
0 103 3
0 104 17
0 105 12
1 105 3
0 106 2
2 106 1
3 106 1
2 107 1
0 108 3
1 109 3
0 110 2
0 111 2
1 112 3
3 113 1
0 114 3
2 115 1
2 116 1
0 117 4
1 118 2
1 119 2
0 120 3
1 120 2
2 120 2
2 121 2
1 122 1
0 123 6
0 124 3
1 125 3
0 126 9
1 126 5
2 126 5
3 126 1
4 126 1
0 127 3
0 128 6
0 129 3
0 130 3
1 131 1
2 132 1
1 133 2
2 134 2
1 135 1
0 136 5
0 137 4
0 138 3
4 139 1
0 140 3
0 141 3
0 142 5
0 143 2
0 144 3
1 145 1
0 146 23
0 147 3
3 148 1
0 149 4
2 150 1
0 151 5
1 152 2
0 153 6
1 154 1
2 155 1
0 156 3
0 157 5
0 158 6
1 158 8
3 158 1
0 159 6
2 160 1
2 161 1
2 162 1
3 163 1
0 164 5
3 165 1
0 166 12
1 166 5
2 166 2
4 166 1
0 167 5
2 168 1
1 169 2
1 170 1
0 171 5
1 172 2
0 173 3
2 174 2
3 175 1
0 176 3
0 177 3
1 177 2
2 177 2
0 178 4
1 179 2
0 180 17
1 180 1
0 181 5
2 181 1
2 182 1
1 183 3
0 184 2
2 184 1
3 184 1
0 185 3
1 186 1
2 187 1
0 188 7
1 188 7
2 188 4
0 189 5
0 190 5
2 190 1
0 191 2
0 192 4
0 193 4
0 194 4
0 195 78
1 195 21
2 195 3
0 196 3
1 197 2
2 198 1
0 199 3
2 200 2
3 201 1
1 202 2
0 203 4
0 204 4
0 205 5
1 206 1
1 207 1
2 208 2
0 209 8
0 210 2
0 211 5
1 212 2
0 213 3
1 213 3
0 214 2
0 215 4
4 216 1
1 217 2
0 218 5
0 219 3
3 220 1
1 221 3
0 222 4
0 223 5
2 224 2
1 225 2
0 226 3
1 227 4
0 228 4
0 229 3
1 229 2
3 229 1
0 230 2
0 231 2
3 232 1
4 233 1
0 234 10
1 234 4
0 235 3
1 236 5
3 237 1
2 238 1
3 239 1
3 240 1
0 241 3
0 242 2
0 243 3
